121.477
31.2776
121.4638
31.2206
121.4741
31.2444
121.4646
31.2504
121.461
31.2582
121.4656
31.2528
121.4635
31.2786
121.4758
31.2623
121.4698
31.2593
121.4677
31.269
121.475
31.2699
121.4725
31.2581
121.4641
31.2538
121.4646
31.2424
121.4785
31.2696
121.4762
31.2731
121.479
31.2216
121.4784
31.2205
121.4685
31.2392
121.4785
31.2218
121.473
31.2257
121.4653
31.2719
121.4785
31.261
121.4674
31.2671
121.4722
31.2284
121.474
31.2543
121.4667
31.235
121.4721
31.2246
121.4794
31.2783
121.4623
31.2659
121.4769
31.2731
121.4799
31.2292
121.4664
31.2499
121.4765
31.2305
121.4639
31.2259
121.4796
31.244
121.4707
31.2438
121.4733
31.2707
121.4787
31.2281
121.4755
31.2352
121.4717
31.2413
121.475
31.2752
121.4619
31.2239
121.4654
31.2731
121.4698
31.2288
121.4763
31.2455
121.4775
31.2205
121.4795
31.224
121.4735
31.2365
121.4737
31.263
121.4685
31.2356
121.472
31.2641
121.4675
31.2663
121.4783
31.2641
121.4605
31.2599
121.477
31.2287
121.4664
31.2606
121.4673
31.2235
121.4647
31.22
121.4676
31.2534
121.4682
31.2583
121.4744
31.2672
121.4761
31.2381
121.4602
31.2766
121.4691
31.2278
121.4711
31.2349
121.4787
31.2441
121.4784
31.2577
121.4662
31.2541
121.4749
31.2215
121.4636
31.2483
121.4602
31.2527
121.4699
31.2441
121.4758
31.2395
121.4683
31.2707
121.4725
31.2676
121.4758
31.2539
121.4749
31.275
121.4644
31.2652
121.4673
31.2348
121.4763
31.2219
121.4796
31.2303
121.4675
31.2325
121.4631
31.2628
121.4711
31.2461
121.4745
31.2354
121.4788
31.2631
121.4774
31.2485
121.4754
31.2517
121.4601
31.2445
121.4721
31.2553
121.4799
31.2509
121.4604
31.247
121.4727
31.2688
121.4725
31.2596
121.4605
31.232
121.4658
31.2251
121.4633
31.2534
121.479
31.273
121.4707
31.2519
121.4618
31.2429
121.4709
31.2248
121.4631
31.225
121.4668
31.2383
121.4797
31.2299
121.4748
31.2241
121.4685
31.2755
121.4703
31.2313
121.461
31.2284
121.461
31.2489
121.4602
31.2387
121.4641
31.2239
121.4708
31.2542
121.4688
31.2724
121.4749
31.2625
121.4679
31.2757
121.4615
31.2538
121.4674
31.2575
121.4687
31.2214
121.4714
31.2373
121.4663
31.2765
121.4688
31.2283
121.4668
31.2637
121.4664
31.2254
121.4741
31.2263
121.4602
31.232
121.4651
31.2355
121.4718
31.2364
121.4644
31.2585
121.4706
31.2316
121.4786
31.2584
121.4705
31.2306
121.479
31.2376
121.4784
31.2577
121.4679
31.2322
121.4652
31.2344
121.4635
31.2741
121.4669
31.269
121.4752
31.2613
121.4711
31.2742
121.4722
31.2229
121.4788
31.2565
121.4639
31.2628
121.4764
31.2515
121.4742
31.248
121.4742
31.2688
121.4618
31.2388
121.4736
31.2549
121.4618
31.2609
121.4688
31.2719
121.4726
31.2668
121.4619
31.2507
121.46
31.2333
121.4658
31.2294
121.4728
31.2324
121.4687
31.2557
121.4711
31.2416
121.4783
31.2755
121.4792
31.2363
121.4626
31.2699
121.4775
31.2413
121.4618
31.267
121.4755
31.2251
121.4663
31.226
121.4615
31.2368
121.4667
31.2765
121.4638
31.2298
121.4613
31.2275
121.469
31.2298
121.466
31.2349
121.4686
31.2645
121.4734
31.2589
121.4756
31.2348
121.4644
31.2316
121.4687
31.2306
121.4759
31.271
121.4615
31.2527
121.4686
31.2243
121.4608
31.2535
121.4729
31.2367
121.4631
31.2266
121.4631
31.2701
121.4674
31.2704
121.4763
31.2799
121.4758
31.2387
121.4655
31.2312
121.4737
31.2206
121.4709
31.2441
121.476
31.2697
121.478
31.2561
121.4767
31.2354
121.4691
31.231
121.4702
31.2418
121.4645
31.259
121.4787
31.2606
121.4674
31.2219
121.4613
31.2646
121.4706
31.2555
121.4724
31.2441
121.469
31.2627
121.4766
31.2455
121.4792
31.2224
121.4671
31.2385
121.4781
31.276
121.4766
31.2537
121.4648
31.2442
121.4725
31.273
121.463
31.2403
121.4656
31.2597
121.4698
31.2385
121.4655
31.2626
121.4786
31.2494
121.4655
31.2239
121.4761
31.2371
121.4606
31.2457
121.4691
31.2317
121.4646
31.271
121.473
31.2682
121.4762
31.2693
121.4641
31.254
121.4685
31.251
121.479
31.2743
121.4627
31.2347
121.4645
31.2362
121.4776
31.221
121.4796
31.2212
121.468
31.221
121.4752
31.2553
121.47
31.2215
121.4777
31.2584
121.4796
31.237
121.4783
31.2213
121.4671
31.2792
121.4737
31.2645
121.462
31.2559
121.4666
31.2531
121.4749
31.2773
121.4794
31.2503
121.4642
31.2746
121.4685
31.2667
121.4769
31.2375
121.4741
31.2322
121.4769
31.2487
121.4796
31.2449
121.4687
31.2516
121.4769
31.2587
121.4604
31.2567
121.4624
31.2483
121.4696
31.2217
121.462
31.2452
121.4711
31.258
121.4731
31.2539
121.4766
31.2404
121.4653
31.2229
121.468
31.274
121.4706
31.266
121.4655
31.2329
121.4684
31.2433
121.4708
31.2263
121.4791
31.2421
121.4785
31.258
121.4746
31.2272
121.4625
31.2254
121.4626
31.2401
121.4644
31.2278
121.476
31.2706
121.464
31.236
121.464
31.2287
121.475
31.243
121.4637
31.2318
121.4714
31.2699
121.4728
31.2202
121.4648
31.2377
121.4634
31.267
121.4752
31.236
121.4634
31.2619
121.4664
31.2562
121.4602
31.258
121.4696
31.2385
121.4672
31.2624
121.4754
31.2462
121.4674
31.24
121.4729
31.278
121.4648
31.2701
121.4789
31.2291
121.4713
31.2718
121.4625
31.2486
121.4662
31.2607
121.4667
31.2644
121.4712
31.2362
121.4704
31.2495
121.4637
31.268
121.4636
31.2603
121.4735
31.2392
121.4677
31.2567
121.467
31.2638
121.4725
31.2737
121.4667
31.2722
121.4756
31.2716
121.4761
31.2265
121.4798
31.2456
121.4659
31.2412
121.4642
31.2572
121.4713
31.2234
121.4682
31.2379
121.4654
31.2737
121.4663
31.244
121.472
31.2399
121.4645
31.2398
121.4689
31.2576
121.4772
31.2797
121.4696
31.2765
121.474
31.2509
121.4665
31.2495
121.4614
31.223
121.4645
31.273
121.4609
31.2562
121.4694
31.227
121.4682
31.256
121.4775
31.2521
121.461
31.2497
121.4667
31.2502
121.4767
31.2583
121.4633
31.232
121.4782
31.245
121.4687
31.224
121.4688
31.2318
121.4731
31.232
121.4789
31.2467
121.4709
31.2564
121.4612
31.2483
121.4731
31.2274
121.4735
31.2659
121.4733
31.2223
121.4786
31.2248
121.4653
31.2701
121.4754
31.2428
121.468
31.2288
121.4602
31.2499
121.4796
31.2636
121.4647
31.274
121.4695
31.2239
121.472
31.223
121.4643
31.2401
121.4657
31.2404
121.4643
31.2256
121.4765
31.258
121.4639
31.2726
121.4651
31.2785
121.4763
31.2498
121.4623
31.2257
121.4719
31.2333
121.4719
31.2683
121.4729
31.2545
121.4696
31.2678
121.4732
31.2391
121.4754
31.2639
121.4653
31.2743
121.4675
31.2547
121.4719
31.2743
121.4675
31.2668
121.4761
31.2229
121.4719
31.2242
121.4649
31.242
121.4635
31.2454
121.4791
31.2308
121.4622
31.257
121.4661
31.278
121.4654
31.2237
121.4671
31.2212
121.4671
31.2241
121.4716
31.2675
121.4745
31.2555
121.474
31.2579
121.463
31.26
121.465
31.2368
121.478
31.2698
121.4745
31.2482
121.4613
31.2365
121.4606
31.2743
121.4631
31.2359
121.4746
31.2393
121.4699
31.2572
121.4618
31.2561
121.4627
31.278
121.4716
31.2398
121.4706
31.2722
121.4728
31.2389
121.4665
31.2686
121.4689
31.2691
121.4609
31.2568
121.4769
31.2263
121.4744
31.2296
121.4778
31.276
121.4724
31.2316
121.4638
31.2757
121.4767
31.2737
121.4783
31.2415
121.469
31.2549
121.4726
31.2217
121.4664
31.2313
121.4736
31.2278
121.4657
31.222
121.4629
31.2396
121.4724
31.2355
121.4703
31.2636
121.471
31.2788
121.4733
31.2301
121.4767
31.2238
121.4655
31.2552
121.4651
31.2203
121.4723
31.2592
121.4635
31.2223
121.4603
31.2266
121.4627
31.2524
121.4757
31.2376
121.4685
31.2534
121.4617
31.2701
121.4634
31.2527
121.4748
31.2371
121.4633
31.2761
121.4699
31.263
121.4784
31.2319
121.4694
31.2328
121.4681
31.2242
121.4651
31.2295
121.4619
31.2309
121.4632
31.2718
121.4715
31.2524
121.4722
31.2769
121.469
31.2366
121.4782
31.2318
121.4693
31.222
121.4753
31.2445
121.4602
31.2335
121.4757
31.2629
121.4795
31.238
121.4642
31.2263
121.4648
31.2507
121.4786
31.2703
121.4698
31.2498
121.4717
31.2413
121.4728
31.2693
121.4612
31.2239
121.4768
31.2698
121.4665
31.2252
121.4749
31.2681
121.4698
31.2709
121.4684
31.2649
121.477
31.2503
121.4743
31.257
121.4785
31.2754
121.4676
31.2446
121.4608
31.2736
121.4652
31.2302
121.47
31.2671
121.4709
31.2326
121.4779
31.2383
121.4758
31.2775
121.4734
31.2554
121.4732
31.2681
121.4711
31.2655
121.4612
31.2631
121.4666
31.2211
121.4674
31.2532
121.471
31.2656
121.4767
31.2556
121.4761
31.2601
121.4635
31.2323
121.4603
31.2353
121.4678
31.267
121.4715
31.24
121.4676
31.2527
121.4709
31.2667
121.47
31.2251
121.4699
31.2298
121.4732
31.2295
121.4635
31.253
121.4695
31.2491
121.4675
31.2564
121.4657
31.2718
121.4628
31.255
121.4613
31.2346
121.4658
31.2545
121.4622
31.2781
121.4629
31.2229
121.4731
31.2357
121.4726
31.249
121.4794
31.2548
121.4669
31.2753
121.4763
31.2478
121.4649
31.2422
121.4789
31.2553
121.4799
31.2582
121.4707
31.2676
121.4716
31.2779
121.4609
31.2408
121.4774
31.2677
121.4692
31.2737
121.4676
31.2484
121.4603
31.2297
121.4796
31.2599
121.4671
31.2445
121.4624
31.2212
121.4759
31.2631
121.4614
31.2264
121.4706
31.2573
121.4639
31.2327
121.4797
31.2426
121.4797
31.2361
121.4752
31.2485
121.4606
31.2608
121.4725
31.2212
121.4775
31.2737
121.4704
31.2602
121.4672
31.2398
121.4668
31.236
121.4746
31.2792
121.4694
31.2311
121.4635
31.2693
121.4685
31.2769
121.4748
31.2416
121.4623
31.2785
121.4782
31.2695
121.4781
31.2267
121.4794
31.2474
121.466
31.2662
121.4697
31.2265
121.4713
31.2379
121.4787
31.2659
121.4777
31.2661
121.4653
31.2389
121.4761
31.2407
121.4711
31.2628
121.4624
31.2554
121.4769
31.2539
121.4718
31.2762
121.4737
31.2588
121.4796
31.2546
121.4759
31.2335
121.4712
31.2769
121.4602
31.2557
121.4696
31.2633
121.4784
31.245
121.4602
31.2356
121.4775
31.2698
121.4622
31.2555
121.4756
31.2705
121.4748
31.2644
121.4715
31.2369
121.4658
31.2618
121.4644
31.2679
121.4785
31.2447
121.4768
31.2685
121.4777
31.2735
121.4794
31.2462
121.469
31.222
121.4693
31.2513
121.479
31.2315
121.4772
31.2597
121.4682
31.2653
121.4719
31.2293
121.4736
31.2539
121.4746
31.278
121.4777
31.2585
121.4633
31.2668
121.4627
31.2372
121.4786
31.2406
121.4764
31.2358
121.4791
31.247
121.4738
31.2688
121.4719
31.2735
121.4675
31.2382
121.4725
31.2343
121.4628
31.2501
121.4618
31.2641
121.4728
31.2719
121.4697
31.2372
121.4658
31.2312
121.4713
31.241
121.4653
31.2563
121.4768
31.2248
121.4748
31.2328
121.4704
31.2444
121.4703
31.2649
121.4736
31.2684
121.4639
31.2279
121.4672
31.2683
121.4675
31.271
121.4746
31.2787
121.4742
31.2719
121.4625
31.2681
121.4665
31.2395
121.4665
31.2748
121.4645
31.2496
121.4733
31.259
121.4652
31.2382
121.4719
31.2654
121.4686
31.2457
121.4707
31.2396
121.4633
31.2491
121.4648
31.2373
121.4639
31.2717
121.4622
31.2466
